sensor_type: camera

T_BS:
  cols: 4
  rows: 4
  data: [1, 0, 0, 0,
         0, 1, 0, 0,
         0, 0, 1, 0,
         0, 0, 0, 1]

resolution: [640, 480]
camera_model: pinhole
intrinsics: [722.6491712, 726.29232048, 344.71750208, 211.86116224] #fu, fv, cu, cv
distortion_model: radial-tangential
distortion_coefficients: [0.0773692767149169, -0.06913630976355566, -0.003141290391632404,
    0.00351800141552682]
