sensor_type: camera

T_BS:
  cols: 4
  rows: 4
  data: [1.0000, -0.0011, -0.0044, 0.0614,
         0.0011, 1.0000, 0.0053, 0.0002,
         0.0044, -0.0053, 1.0000, 0.0002,
         0, 0, 0, 1.0000]

resolution: [640, 480]
camera_model: pinhole
intrinsics: [723.7568309181019, 727.1325161570073, 327.3110806382119, 219.36002769891175] #fu, fv, cu, cv
distortion_model: radial-tangential
distortion_coefficients: [0.07881379784526492, -0.07206926692968323, -0.0008256641288298118, 0.004483738221435182]
